-4.02
-1.43298
-1.66493
-1.59112
-1.55468
-1.5176
-1.48376
-1.45251
-1.42366
-1.39704
-1.37246
-1.34976
-1.32879
-1.30942
-1.29152
-1.27497
-1.25966
-1.2455
-1.2324
-1.22026
-1.20903
-1.19862
-1.18897
-1.18001
-1.17171
-1.164
-1.15683
-1.15017
-1.14398
-1.13821
-1.13285
-1.12784
-1.12317
-1.11881
-1.11474
-1.11093
-1.10737
-1.10403
-1.10089
-1.09795
-1.09519
-1.09259
-1.09014
-1.08783
-1.08565
-1.08359
-1.08164
-1.07979
-1.07803
-1.07637
-1.07478
-1.07328
-1.07184
-1.07046
-1.06915
-1.06789
-1.06669
-1.06553
-1.06442
-1.06335
-1.06232
-1.06133
-1.06037
-1.05944
-1.05855
-1.05768
-1.05684
-1.05602
-1.05523
-1.05445
-1.0537
-1.05297
-1.05226
-1.05156
-1.05088
-1.05021
-1.04956
-1.04893
-1.0483
-1.04769
-1.0471
-1.04651
-1.04593
-1.04537
-1.04481
-1.04427
-1.04373
-1.04321
-1.04269
-1.04218
-1.04168
-1.04118
-1.04069
-1.04021
-1.03974
-1.03928
-1.03882
-1.03836
-1.03792
-1.03748
-1.03704
-1.03661
-1.03619
-1.03577
-1.03536
-1.03495
-1.03455
-1.03416
-1.03377
-1.03338
-1.033
-1.03262
-1.03225
-1.03188
-1.03152
-1.03116
-1.0308
-1.03045
-1.03011
-1.02976
-1.02942
-1.02909
-1.02876
-1.02843
-1.02811
-1.02779
-1.02748
-1.02717
-1.02686
-1.02655
-1.02625
-1.02596
-1.02566
-1.02537
-1.02508
-1.0248
-1.02452
-1.02424
-1.02397
-1.0237
-1.02343
-1.02316
-1.0229
-1.02264
-1.02239
-1.02213
-1.02188
-1.02164
-1.02139
-1.02115
-1.02091
-1.02068
-1.02044
-1.02021
-1.01998
-1.01976
-1.01953
-1.01931
-1.0191
-1.01888
-1.01867
-1.01846
-1.01825
-1.01804
-1.01784
-1.01764
-1.01744
-1.01724
-1.01704
-1.01685
-1.01666
-1.01647
-1.01629
-1.0161
-1.01592
-1.01574
-1.01556
-1.01539
-1.01522
-1.01504
-1.01487
-1.01471
-1.01454
-1.01438
-1.01421
-1.01405
-1.01389
-1.01374
-1.01358
-1.01343
-1.01328
-1.01313
-1.01298
-1.01283
-1.01269
-1.01254
-1.0124
-1.01226
-1.01212
-1.01199
