1.698
1.6547
1.58821
1.5291
1.47363
1.42187
1.37349
1.32824
1.28588
1.24617
1.20893
1.17395
1.14107
1.11013
1.08098
1.05348
1.02751
1.00296
0.979723
0.957697
0.936794
0.916932
0.898036
0.880035
0.862864
0.846464
0.830781
0.815763
0.801365
0.787544
0.774259
0.761475
0.749158
0.737277
0.725803
0.71471
0.703973
0.693571
0.683481
0.673686
0.664167
0.654909
0.645895
0.637112
0.628547
0.620189
0.612025
0.604047
0.596243
0.588606
0.581128
0.573801
0.566617
0.559571
0.552656
0.545866
0.539198
0.532644
0.526202
0.519867
0.513635
0.507502
0.501465
0.495521
0.489666
0.483898
0.478214
0.472613
0.46709
0.461645
0.456275
0.450978
0.445752
0.440596
0.435508
0.430487
0.425531
0.420638
0.415807
0.411038
0.406328
0.401677
0.397084
0.392547
0.388065
0.383638
0.379265
0.374945
0.370676
0.366458
0.36229
0.358172
0.354103
0.350082
0.346107
0.34218
0.338298
0.334462
0.33067
0.326922
0.323218
0.319557
0.315938
0.31236
0.308824
0.305329
0.301873
0.298458
0.295081
0.291743
0.288443
0.285181
0.281957
0.278769
0.275617
0.272501
0.269421
0.266376
0.263366
0.260389
0.257447
0.254538
0.251662
0.248818
0.246007
0.243228
0.24048
0.237763
0.235078
0.232422
0.229797
0.227201
0.224635
0.222098
0.219589
0.217109
0.214657
0.212233
0.209836
0.207467
0.205124
0.202807
0.200517
0.198253
0.196014
0.1938
0.191612
0.189448
0.187309
0.185194
0.183103
0.181035
0.178991
0.17697
0.174971
0.172996
0.171042
0.169111
0.167201
0.165313
0.163447
0.161601
0.159777
0.157972
0.156189
0.154425
0.152682
0.150958
0.149253
0.147568
0.145902
0.144254
0.142625
0.141015
0.139423
0.137849
0.136292
0.134753
0.133232
0.131728
0.13024
0.12877
0.127316
0.125878
0.124457
0.123052
0.121662
0.120289
0.11893
0.117588
0.11626
0.114947
0.113649
0.112366
0.111097
0.109843
0.108603
0.107377
0.106164
0.104966
